409.1
479.0
340.0
282.4
406.0
300.0
374.0
253.3
195.1
269.0
329.3
250.7
345.3
379.3
275.0
215.2
300.0
-1.0
323.0
243.0
364.2
282.0
300.0
246.0
334.5
250.0
241.0
-1.0
280.0
380.3
243.0
180.1
299.0
223.0
361.0
415.0
300.0
300.0
300.0
266.0
180.1
286.0
329.4
400.0
397.0
273.0
387.6
300.0
298.0
397.6
380.2
643.1
263.0
486.0
238.0
450.7
413.0
305.0
226.4
321.0
1376.0
1034.4
853.0
341.0
131.4
800.4
873.4
816.0
110.4
1500.2
1115.0
387.6
700.0
953.2
304.0
563.2
251.0
300.0
500.4
1729.0
319.2
344.0
151.1
500.0
225.3
300.0
234.0
1000.1
242.0
50.3
600.1
-1.0
105.3
50.5
127.4
229.4
128.2
244.2
188.2
604.1
77.7
500.0
500.0
500.4
92.7
124.0
800.3
86.2
500.3
1860.4
325.2
275.0
124.2
225.3
367.6
351.7
443.0
277.4
-1.0
332.7
193.9
100.7
336.7
344.9
368.5
271.0
275.3
382.0
466.4
384.0
342.5
357.5
335.0
327.5
339.0
189.0
317.7
318.0
308.0
222.4
390.0
-1.0
250.4
335.4
470.2
270.8
400.0
361.9
185.0
409.4
343.0
353.2
374.0
275.8
328.0
368.5
270.4
270.4
382.8
240.9
250.4
260.4
270.0
280.9
290.8
300.0
310.2
320.4
330.4
